0.00000000 0.00000000 196.31097779 90.24965374 0.00000000 557.68449862 597.57593660 121.79490958 338.61187221 0.00000000
0.00000000 0.00000000 0.00000000 789.64865605 299.54131602 595.66769259 0.00000000 699.03504919 0.00000000 208.90667773
196.31097779 0.00000000 0.00000000 278.28941769 532.90243009 405.31715977 0.00000000 242.52834886 514.23341004 0.00000000
90.24965374 789.64865605 278.28941769 0.00000000 0.00000000 0.00000000 507.32632496 99.82484661 308.24827656 0.00000000
0.00000000 299.54131602 532.90243009 0.00000000 0.00000000 302.13407620 0.00000000 498.62310416 0.00000000 479.20454923
557.68449862 595.66769259 405.31715977 0.00000000 302.13407620 0.00000000 0.00000000 516.73010363 0.00000000 781.33859498
597.57593660 0.00000000 0.00000000 507.32632496 0.00000000 0.00000000 0.00000000 534.66344554 536.14643522 767.08604472
121.79490958 699.03504919 242.52834886 99.82484661 498.62310416 516.73010363 534.66344554 0.00000000 408.04901666 770.81255828
338.61187221 0.00000000 514.23341004 308.24827656 0.00000000 0.00000000 536.14643522 408.04901666 0.00000000 0.00000000
0.00000000 208.90667773 0.00000000 0.00000000 479.20454923 781.33859498 767.08604472 770.81255828 0.00000000 0.00000000
